eval_accuracy = 0.9234218077474893
eval_loss = 0.20408504727211865
roc_auc = {0: 0.9485165794066318, 1: 0.8819912062232881, 2: 0.9810393258426966, 3: 0.7972435727537768, 4: 0.8825021132713441, 5: 0.9470172684458399, 6: 0.9372314759732963, 7: 0.9124334784712144, 'micro': 0.9526977551831628}
