eval_accuracy = 0.9194763271162123
eval_loss = 0.20561665228822015
roc_auc = {0: 0.9450261780104712, 1: 0.8818682163392061, 2: 0.9822035777646363, 3: 0.8262655711635304, 4: 0.8836996336996337, 5: 0.9384877027734171, 6: 0.9362647894771631, 7: 0.91137086184256, 'micro': 0.9519329546427555}
