eval_accuracy = 0.9148134863701578
eval_loss = 0.21673236245458777
roc_auc = {0: 0.9410150312447222, 1: 0.8807920548534883, 2: 0.979357628622117, 3: 0.7830638749006096, 4: 0.8399549168779937, 5: 0.947985347985348, 6: 0.9250859276885451, 7: 0.8926843596654916, 'micro': 0.9463673376249297}
